c1,5.5,6.5,50,60,21,37,175,300,rice
c2,5.5,6.6,60,68,25,27,50,100,tobacco
c3,6.5,8.5,55,57,25,40,30,150,sunflower
c4,6.5,6.7,55,85,26,32,75,120,sugarcane
c5,9.5,10.5,70,75,12,45,60,85,sugarbeet
c6,6,7.5,65,80,26.5,30,60,75,soybean
c7,6,8.5,70,78,26,30,60,100,sorghum
c8,5.5,8,65,85,25,27,70,90,sesame
c9,5,5.5,50,60,21,24,25,175,wheat
c10,6,7.5,60,65,24,37,150,157,jute
c11,6,6.5,68,78,30,32,50,100,groundnut
c12,7.8,8.5,78,85,20,25,60,90,gram
c13,5.8,8,60,80,25,30,30,40,guar
c14,5.8,8,65,70,21,27,50,70,cotton
c15,7,10,75,80,20,27,38,50,castor
c16,6,7,55,75,24,27,60,100,bottlegaurd
c17,6,6.8,65,85,25,30,70,90,ladyfinger
c18,5.5,6.8,85,95,12,26,60,150,tomoto
c19,5.5,8.0,75,90,20,35,60,110,maize
c20,6.5,7.8,80,90,25,35,60,75,blackgram
c21,6,6.5,70,80,15,25,100,120,coffee
c22,5.5,6.5,55,65,18,20,40,90,mangomarigold
c23,4.0,5.0,65,75,14,18,120,140,blueberry
c24,4.0,5.5,70,72,0,8,130,145,cranberry
c25,6.5,8.0,60,70,18,22,140,170,cauliflower
c26,5.0,7.5,55,75,7,8,130,155,peartree
c27,5.5,6.5,70,72,20,25,650,750,onion
c28,4.5,5.5,65,68,18,30,150,250,tea
c29,5.8,6.5,75,80,18,26,600,650,pepperplant
c30,6.0,7.0,70,80,18,23,100,110,cucumber
c31,5.0,6.8,65,68,5,21,150,160,broccoli